391895
391895
391895
391895
391895
60623
60623
60623
60623
60623
483108
483108
483108
483108
483108
384213
384213
384213
384213
384213
386164
386164
386164
386164
386164
223648
223648
223648
223648
223648
403385
403385
403385
403385
403385
294832
294832
294832
294832
294832
462565
462565
462565
462565
462565
436141
436141
436141
436141
436141
192440
192440
192440
192440
192440
1146
1146
1146
1146
1146
559665
559665
559665
559665
559665
394240
394240
394240
394240
394240
491497
491497
491497
491497
491497
184791
184791
184791
184791
184791
579664
579664
579664
579664
579664
550529
550529
550529
550529
550529
348881
348881
348881
348881
348881
560623
560623
560623
560623
560623
561100
561100
561100
561100
561100
354533
354533
354533
354533
354533
334321
334321
334321
334321
334321
368117
368117
368117
368117
368117
165547
165547
165547
165547
165547
455859
455859
455859
455859
455859
290570
290570
290570
290570
290570
281455
281455
281455
281455
281455
17756
17756
17756
17756
17756
305821
305821
305821
305821
305821
459374
459374
459374
459374
459374
208589
208589
208589
208589
208589
358342
358342
358342
358342
358342
74711
74711
74711
74711
74711
58636
58636
58636
58636
58636
197461
197461
197461
197461
197461
165029
165029
165029
165029
165029
336777
336777
336777
336777
336777
472795
472795
472795
472795
472795
182784
182784
182784
182784
182784
458052
458052
458052
458052
458052
26942
26942
26942
26942
26942
418281
418281
418281
418281
418281
535292
535292
535292
535292
535292
85329
85329
85329
85329
85329
451872
451872
451872
451872
451872
314294
314294
314294
314294
314294
516750
516750
516750
516750
516750
69946
69946
69946
69946
69946
109005
109005
109005
109005
109005
553442
553442
553442
553442
553442
261779
261779
261779
261779
261779
198448
198448
198448
198448
198448
329717
329717
329717
329717
329717
341393
341393
341393
341393
341393
299319
299319
299319
299319
299319
288955
288955
288955
288955
288955
426578
426578
426578
426578
426578
64710
64710
64710
64710
64710
180447
180447
180447
180447
180447
75162
75162
75162
75162
75162
516316
516316
516316
516316
516316
562121
562121
562121
562121
562121
129637
129637
129637
129637
129637
444444
444444
444444
444444
444444
503005
503005
503005
503005
503005
316795
316795
316795
316795
316795
375840
375840
375840
375840
375840
147980
147980
147980
147980
147980
34180
34180
34180
34180
34180
169802
169802
169802
169802
169802
430961
430961
430961
430961
430961
570465
570465
570465
570465
570465
356708
356708
356708
356708
356708
362368
362368
362368
362368
362368
216228
216228
216228
216228
216228
448365
448365
448365
448365
448365
472854
472854
472854
472854
472854
127451
127451
127451
127451
127451
299116
299116
299116
299116
299116
66412
66412
66412
66412
66412
410002
410002
410002
410002
410002
507065
507065
507065
507065
507065
415746
415746
415746
415746
415746
71171
71171
71171
71171
71171
292301
292301
292301
292301
292301
550627
550627
550627
550627
550627
244339
244339
244339
244339
244339
284350
284350
284350
284350
284350
309120
309120
309120
309120
309120
467477
467477
467477
467477
467477
154971
154971
154971
154971
154971
295837
295837
295837
295837
295837
321214
321214
321214
321214
321214
224757
224757
224757
224757
224757
182245
182245
182245
182245
182245
199551
199551
199551
199551
199551
239347
239347
239347
239347
239347
353830
353830
353830
353830
353830
301102
301102
301102
301102
301102
473237
473237
473237
473237
473237
190081
190081
190081
190081
190081
207151
207151
207151
207151
207151
371250
371250
371250
371250
371250
209868
209868
209868
209868
209868
340175
340175
340175
340175
340175
235597
235597
235597
235597
235597
503311
503311
503311
503311
503311
138477
138477
138477
138477
138477
76292
76292
76292
76292
76292
502090
502090
502090
502090
502090
28655
28655
28655
28655
28655
191096
191096
191096
191096
191096
78707
78707
78707
78707
78707
336493
336493
336493
336493
336493
74369
74369
74369
74369
74369
384012
384012
384012
384012
384012
579056
579056
579056
579056
579056
24223
24223
24223
24223
24223
69392
69392
69392
69392
69392
272262
272262
272262
272262
272262
43635
43635
43635
43635
43635
95786
95786
95786
95786
95786
87199
87199
87199
87199
87199
527248
527248
527248
527248
527248
353136
353136
353136
353136
353136
83915
83915
83915
83915
83915
2240
2240
2240
2240
2240
28377
28377
28377
28377
28377
217183
217183
217183
217183
217183
366630
366630
366630
366630
366630
157184
157184
157184
157184
157184
509819
509819
509819
509819
509819
510657
510657
510657
510657
510657
195645
195645
195645
195645
195645
171190
171190
171190
171190
171190
484145
484145
484145
484145
484145
530207
530207
530207
530207
530207
17953
17953
17953
17953
17953
210012
210012
210012
210012
210012
33638
33638
33638
33638
33638
31442
31442
31442
31442
31442
329219
329219
329219
329219
329219
399851
399851
399851
399851
399851
539124
539124
539124
539124
539124
12896
12896
12896
12896
12896
378709
378709
378709
378709
378709
431197
431197
431197
431197
431197
463610
463610
463610
463610
463610
540806
540806
540806
540806
540806
402330
402330
402330
402330
402330
378657
378657
378657
378657
378657
24343
24343
24343
24343
24343
376177
376177
376177
376177
376177
115178
115178
115178
115178
115178
572733
572733
572733
572733
572733
112956
112956
112956
112956
112956
144122
144122
144122
144122
144122
183181
183181
183181
183181
183181
275210
275210
275210
275210
275210
519046
519046
519046
519046
519046
362159
362159
362159
362159
362159
389378
389378
389378
389378
389378
12204
12204
12204
12204
12204
91857
91857
91857
91857
91857
220307
220307
220307
220307
220307
4760
4760
4760
4760
4760
410428
410428
410428
410428
410428
450724
450724
450724
450724
450724
27440
27440
27440
27440
27440
438221
438221
438221
438221
438221
472557
472557
472557
472557
472557
123836
123836
123836
123836
123836
317441
317441
317441
317441
317441
1448
1448
1448
1448
1448
536615
536615
536615
536615
536615
141517
141517
141517
141517
141517
71281
71281
71281
71281
71281
350262
350262
350262
350262
350262
1590
1590
1590
1590
1590
547839
547839
547839
547839
547839
550452
550452
550452
550452
550452
271240
271240
271240
271240
271240
438232
438232
438232
438232
438232
147915
147915
147915
147915
147915
438985
438985
438985
438985
438985
31176
31176
31176
31176
31176
451972
451972
451972
451972
451972
199050
199050
199050
199050
199050
468541
468541
468541
468541
468541
38662
38662
38662
38662
38662
90476
90476
90476
90476
90476
386739
386739
386739
386739
386739
36598
36598
36598
36598
36598
181859
181859
181859
181859
181859
177262
177262
177262
177262
177262
177015
177015
177015
177015
177015
256260
256260
256260
256260
256260
88784
88784
88784
88784
88784
48731
48731
48731
48731
48731
453860
453860
453860
453860
453860
178746
178746
178746
178746
178746
347950
347950
347950
347950
347950
350789
350789
350789
350789
350789
33645
33645
33645
33645
33645
309100
309100
309100
309100
309100
299089
299089
299089
299089
299089
421999
421999
421999
421999
421999
366830
366830
366830
366830
366830
199346
199346
199346
199346
199346
177246
177246
177246
177246
177246
348905
348905
348905
348905
348905
469961
469961
469961
469961
469961
427802
427802
427802
427802
427802
338472
338472
338472
338472
338472
355137
355137
355137
355137
355137
361763
361763
361763
361763
361763
88854
88854
88854
88854
88854
160195
160195
160195
160195
160195
580591
580591
580591
580591
580591
226588
226588
226588
226588
226588
361472
361472
361472
361472
361472
242103
242103
242103
242103
242103
297233
297233
297233
297233
297233
2867
2867
2867
2867
2867
257870
257870
257870
257870
257870
57286
57286
57286
57286
57286
435037
435037
435037
435037
435037
546500
546500
546500
546500
546500
545385
545385
545385
545385
545385
23320
23320
23320
23320
23320
12085
12085
12085
12085
12085
8775
8775
8775
8775
8775
384981
384981
384981
384981
384981
475398
475398
475398
475398
475398
479213
479213
479213
479213
479213
30549
30549
30549
30549
30549
66072
66072
66072
66072
66072
513699
513699
513699
513699
513699
45057
45057
45057
45057
45057
372577
372577
372577
372577
372577
275202
275202
275202
275202
275202
294831
294831
294831
294831
294831
190291
190291
190291
190291
190291
246649
246649
246649
246649
246649
199449
199449
199449
199449
199449
1626
1626
1626
1626
1626
234251
234251
234251
234251
234251
281376
281376
281376
281376
281376
326082
326082
326082
326082
326082
525619
525619
525619
525619
525619
393031
393031
393031
393031
393031
385514
385514
385514
385514
385514
539355
539355
539355
539355
539355
320180
320180
320180
320180
320180
357633
357633
357633
357633
357633
127801
127801
127801
127801
127801
537991
537991
537991
537991
537991
25758
25758
25758
25758
25758
565198
565198
565198
565198
565198
577160
577160
577160
577160
577160
321333
321333
321333
321333
321333
229688
229688
229688
229688
229688
509807
509807
509807
509807
509807
37367
37367
37367
37367
37367
22158
22158
22158
22158
22158
220446
220446
220446
220446
220446
247184
247184
247184
247184
247184
313063
313063
313063
313063
313063
239376
239376
239376
239376
239376
28790
28790
28790
28790
28790
416668
416668
416668
416668
416668
252203
252203
252203
252203
252203
573962
573962
573962
573962
573962
480215
480215
480215
480215
480215
299550
299550
299550
299550
299550
184557
184557
184557
184557
184557
577526
577526
577526
577526
577526
31000
31000
31000
31000
31000
280360
280360
280360
280360
280360
283495
283495
283495
283495
283495
189828
189828
189828
189828
189828
126502
126502
126502
126502
126502
141587
141587
141587
141587
141587
16241
16241
16241
16241
16241
277208
277208
277208
277208
277208
134863
134863
134863
134863
134863
34904
34904
34904
34904
34904
8179
8179
8179
8179
8179
539784
539784
539784
539784
539784
458755
458755
458755
458755
458755
58492
58492
58492
58492
58492
484551
484551
484551
484551
484551
133867
133867
133867
133867
133867
208778
208778
208778
208778
208778
434279
434279
434279
434279
434279
136584
136584
136584
136584
136584
520482
520482
520482
520482
520482
434129
434129
434129
434129
434129
1180
1180
1180
1180
1180
158118
158118
158118
158118
158118
572427
572427
572427
572427
572427
73119
73119
73119
73119
73119
27226
27226
27226
27226
27226
288799
288799
288799
288799
288799
300471
300471
300471
300471
300471
152740
152740
152740
152740
152740
289781
289781
289781
289781
289781
173385
173385
173385
173385
173385
450370
450370
450370
450370
450370
502419
502419
502419
502419
502419
471497
471497
471497
471497
471497
483275
483275
483275
483275
483275
144379
144379
144379
144379
144379
337055
337055
337055
337055
337055
568040
568040
568040
568040
568040
404461
404461
404461
404461
404461
108338
108338
108338
108338
108338
525376
525376
525376
525376
525376
395402
395402
395402
395402
395402
530226
530226
530226
530226
530226
295097
295097
295097
295097
295097
114352
114352
114352
114352
114352
504341
504341
504341
504341
504341
29577
29577
29577
29577
29577
545129
545129
545129
545129
545129
372252
372252
372252
372252
372252
121031
121031
121031
121031
121031
75990
75990
75990
75990
75990
248441
248441
248441
248441
248441
104568
104568
104568
104568
104568
300655
300655
300655
300655
300655
51223
51223
51223
51223
51223
95051
95051
95051
95051
95051
169858
169858
169858
169858
169858
178748
178748
178748
178748
178748
59614
59614
59614
59614
59614
255209
255209
255209
255209
255209
279209
279209
279209
279209
279209
90707
90707
90707
90707
90707
577403
577403
577403
577403
577403
289469
289469
289469
289469
289469
163852
163852
163852
163852
163852
322369
322369
322369
322369
322369
308430
308430
308430
308430
308430
245242
245242
245242
245242
245242
481187
481187
481187
481187
481187
39009
39009
39009
39009
39009
166124
166124
166124
166124
166124
3001
3001
3001
3001
3001
220111
220111
220111
220111
220111
296284
296284
296284
296284
296284
207366
207366
207366
207366
207366
127517
127517
127517
127517
127517
183715
183715
183715
183715
183715
340642
340642
340642
340642
340642
391915
391915
391915
391915
391915
13525
13525
13525
13525
13525
294487
294487
294487
294487
294487
242909
242909
242909
242909
242909
448897
448897
448897
448897
448897
216303
216303
216303
216303
216303
355272
355272
355272
355272
355272
355228
355228
355228
355228
355228
70351
70351
70351
70351
70351
501429
501429
501429
501429
501429
311394
311394
311394
311394
311394
90365
90365
90365
90365
90365
408327
408327
408327
408327
408327
221291
221291
221291
221291
221291
565239
565239
565239
565239
565239
125404
125404
125404
125404
125404
378545
378545
378545
378545
378545
182503
182503
182503
182503
182503
372384
372384
372384
372384
372384
185781
185781
185781
185781
185781
484312
484312
484312
484312
484312
471869
471869
471869
471869
471869
516766
516766
516766
516766
516766
533407
533407
533407
533407
533407
157001
157001
157001
157001
157001
562345
562345
562345
562345
562345
130171
130171
130171
130171
130171
512116
512116
512116
512116
512116
455464
455464
455464
455464
455464
214527
214527
214527
214527
214527
138965
138965
138965
138965
138965
8277
8277
8277
8277
8277
118134
118134
118134
118134
118134
498555
498555
498555
498555
498555
157102
157102
157102
157102
157102
16928
16928
16928
16928
16928
271607
271607
271607
271607
271607
55772
55772
55772
55772
55772
360170
360170
360170
360170
360170
227220
227220
227220
227220
227220
538092
538092
538092
538092
538092
443949
443949
443949
443949
443949
223094
223094
223094
223094
223094
570138
570138
570138
570138
570138
557135
557135
557135
557135
557135
122302
122302
122302
122302
122302
386766
386766
386766
386766
386766
576576
576576
576576
576576
576576
445812
445812
445812
445812
445812
231732
231732
231732
231732
231732
416184
416184
416184
416184
416184
290078
290078
290078
290078
290078
372495
372495
372495
372495
372495
262514
262514
262514
262514
262514
294763
294763
294763
294763
294763
489624
489624
489624
489624
489624
578314
578314
578314
578314
578314
131504
131504
131504
131504
131504
50443
50443
50443
50443
50443
84064
84064
84064
84064
84064
185930
185930
185930
185930
185930
355221
355221
355221
355221
355221
223930
223930
223930
223930
223930
348708
348708
348708
348708
348708
324008
324008
324008
324008
324008
520108
520108
520108
520108
520108
573756
573756
573756
573756
573756
188173
188173
188173
188173
188173
233882
233882
233882
233882
233882
413734
413734
413734
413734
413734
373846
373846
373846
373846
373846
189197
189197
189197
189197
189197
122007
122007
122007
122007
122007
181948
181948
181948
181948
181948
315128
315128
315128
315128
315128
199247
199247
199247
199247
199247
974
974
974
974
974
137265
137265
137265
137265
137265
507921
507921
507921
507921
507921
40621
40621
40621
40621
40621
262175
262175
262175
262175
262175
548538
548538
548538
548538
548538
65981
65981
65981
65981
65981
167510
167510
167510
167510
167510
45966
45966
45966
45966
45966
51961
51961
51961
51961
51961
457900
457900
457900
457900
457900
71090
71090
71090
71090
71090
186518
186518
186518
186518
186518
576084
576084
576084
576084
576084
342334
342334
342334
342334
342334
370749
370749
370749
370749
370749
42055
42055
42055
42055
42055
21864
21864
21864
21864
21864
412813
412813
412813
412813
412813
532867
532867
532867
532867
532867
550051
550051
550051
550051
550051
303215
303215
303215
303215
303215
446522
446522
446522
446522
446522
313398
313398
313398
313398
313398
424812
424812
424812
424812
424812
371004
371004
371004
371004
371004
546095
546095
546095
546095
546095
51540
51540
51540
51540
51540
307967
307967
307967
307967
307967
248980
248980
248980
248980
248980
277440
277440
277440
277440
277440
40635
40635
40635
40635
40635
503595
503595
503595
503595
503595
126257
126257
126257
126257
126257
118367
118367
118367
118367
118367
437789
437789
437789
437789
437789
272323
272323
272323
272323
272323
70256
70256
70256
70256
70256
12817
12817
12817
12817
12817
348730
348730
348730
348730
348730
114684
114684
114684
114684
114684
296236
296236
296236
296236
296236
412604
412604
412604
412604
412604
523816
523816
523816
523816
523816
329475
329475
329475
329475
329475
61647
61647
61647
61647
61647
88269
88269
88269
88269
88269
211326
211326
211326
211326
211326
48668
48668
48668
48668
48668
308883
308883
308883
308883
308883
193494
193494
193494
193494
193494
184139
184139
184139
184139
184139
419860
419860
419860
419860
419860
388481
388481
388481
388481
388481
97561
97561
97561
97561
97561
70020
70020
70020
70020
70020
466882
466882
466882
466882
466882
323356
323356
323356
323356
323356
405440
405440
405440
405440
405440
148329
148329
148329
148329
148329
279524
279524
279524
279524
279524
91304
91304
91304
91304
91304
315486
315486
315486
315486
315486
365325
365325
365325
365325
365325
79686
79686
79686
79686
79686
499095
499095
499095
499095
499095
35825
35825
35825
35825
35825
414071
414071
414071
414071
414071
520430
520430
520430
520430
520430
4125
4125
4125
4125
4125
487774
487774
487774
487774
487774
157516
157516
157516
157516
157516
217957
217957
217957
217957
217957
415727
415727
415727
415727
415727
251367
251367
251367
251367
251367
148588
148588
148588
148588
148588
93765
93765
93765
93765
93765
488736
488736
488736
488736
488736
324837
324837
324837
324837
324837
63602
63602
63602
63602
63602
33904
33904
33904
33904
33904
445041
445041
445041
445041
445041
54959
54959
54959
54959
54959
299946
299946
299946
299946
299946
65969
65969
65969
65969
65969
550322
550322
550322
550322
550322
76329
76329
76329
76329
76329
368505
368505
368505
368505
368505
213224
213224
213224
213224
213224
478282
478282
478282
478282
478282
251590
251590
251590
251590
251590
425475
425475
425475
425475
425475
448795
448795
448795
448795
448795
345389
345389
345389
345389
345389
280736
280736
280736
280736
280736
45208
45208
45208
45208
45208
557501
557501
557501
557501
557501
496604
496604
496604
496604
496604
46099
46099
46099
46099
46099
144798
144798
144798
144798
144798
463825
463825
463825
463825
463825
50411
50411
50411
50411
50411
524637
524637
524637
524637
524637
562592
562592
562592
562592
562592
465424
465424
465424
465424
465424
425151
425151
425151
425151
425151
210032
210032
210032
210032
210032
21202
21202
21202
21202
21202
398007
398007
398007
398007
398007
322824
322824
322824
322824
322824
376236
376236
376236
376236
376236
468933
468933
468933
468933
468933
68203
68203
68203
68203
68203
197745
197745
197745
197745
197745
352476
352476
352476
352476
352476
89909
89909
89909
89909
89909
38048
38048
38048
38048
38048
322955
322955
322955
322955
322955
211054
211054
211054
211054
211054
500703
500703
500703
500703
500703
340637
340637
340637
340637
340637
174329
174329
174329
174329
174329
499537
499537
499537
499537
499537
206770
206770
206770
206770
206770
67255
67255
67255
67255
67255
258078
258078
258078
258078
258078
171695
171695
171695
171695
171695
79816
79816
79816
79816
79816
90366
90366
90366
90366
90366
76155
76155
76155
76155
76155
350084
350084
350084
350084
350084
103272
103272
103272
103272
103272
519764
519764
519764
519764
519764
450404
450404
450404
450404
450404
436676
436676
436676
436676
436676
238459
238459
238459
238459
238459
565186
565186
565186
565186
565186
464286
464286
464286
464286
464286
87470
87470
87470
87470
87470
16005
16005
16005
16005
16005
163684
163684
163684
163684
163684
14257
14257
14257
14257
14257
533979
533979
533979
533979
533979
419344
419344
419344
419344
419344
148188
148188
148188
148188
148188
318080
318080
318080
318080
318080
361551
361551
361551
361551
361551
306664
306664
306664
306664
306664
121876
121876
121876
121876
121876
236784
236784
236784
236784
236784
406976
406976
406976
406976
406976
18480
18480
18480
18480
18480
110435
110435
110435
110435
110435
347650
347650
347650
347650
347650
440895
440895
440895
440895
440895
451305
451305
451305
451305
451305
431521
431521
431521
431521
431521
361919
361919
361919
361919
361919
424174
424174
424174
424174
424174
332096
332096
332096
332096
332096
158722
158722
158722
158722
158722
394801
394801
394801
394801
394801
498439
498439
498439
498439
498439
374369
374369
374369
374369
374369
313176
313176
313176
313176
313176
556726
556726
556726
556726
556726
123321
123321
123321
123321
123321
539079
539079
539079
539079
539079
36238
36238
36238
36238
36238
520508
520508
520508
520508
520508
149456
149456
149456
149456
149456
414385
414385
414385
414385
414385
497907
497907
497907
497907
497907
146272
146272
146272
146272
146272
320664
320664
320664
320664
320664
190391
190391
190391
190391
190391
183786
183786
183786
183786
183786
325027
325027
325027
325027
325027
62230
62230
62230
62230
62230
410885
410885
410885
410885
410885
810
810
810
810
810
276434
276434
276434
276434
276434
566529
566529
566529
566529
566529
375285
375285
375285
375285
375285
105234
105234
105234
105234
105234
203734
203734
203734
203734
203734
526972
526972
526972
526972
526972
478528
478528
478528
478528
478528
4312
4312
4312
4312
4312
410101
410101
410101
410101
410101
514787
514787
514787
514787
514787
26584
26584
26584
26584
26584
546964
546964
546964
546964
546964
164759
164759
164759
164759
164759
361527
361527
361527
361527
361527
281782
281782
281782
281782
281782
579307
579307
579307
579307
579307
291962
291962
291962
291962
291962
162445
162445
162445
162445
162445
136642
136642
136642
136642
136642
138553
138553
138553
138553
138553
54593
54593
54593
54593
54593
520787
520787
520787
520787
520787
525646
525646
525646
525646
525646
116208
116208
116208
116208
116208
208623
208623
208623
208623
208623
493623
493623
493623
493623
493623
191069
191069
191069
191069
191069
221700
221700
221700
221700
221700
318290
318290
318290
318290
318290
149500
149500
149500
149500
149500
205720
205720
205720
205720
205720
309933
309933
309933
309933
309933
233376
233376
233376
233376
233376
452881
452881
452881
452881
452881
292804
292804
292804
292804
292804
321437
321437
321437
321437
321437
108853
108853
108853
108853
108853
410880
410880
410880
410880
410880
135399
135399
135399
135399
135399
349184
349184
349184
349184
349184
130909
130909
130909
130909
130909
369913
369913
369913
369913
369913
404462
404462
404462
404462
404462
300034
300034
300034
300034
300034
380854
380854
380854
380854
380854
511583
511583
511583
511583
511583
210273
210273
210273
210273
210273
161112
161112
161112
161112
161112
120428
120428
120428
120428
120428
215408
215408
215408
215408
215408
46571
46571
46571
46571
46571
542509
542509
542509
542509
542509
556349
556349
556349
556349
556349
475923
475923
475923
475923
475923
534733
534733
534733
534733
534733
82229
82229
82229
82229
82229
52017
52017
52017
52017
52017
238700
238700
238700
238700
238700
526645
526645
526645
526645
526645
577866
577866
577866
577866
577866
361400
361400
361400
361400
361400
535578
535578
535578
535578
535578
263011
263011
263011
263011
263011
122051
122051
122051
122051
122051
473171
473171
473171
473171
473171
150576
150576
150576
150576
150576
458560
458560
458560
458560
458560
74465
74465
74465
74465
74465
393942
393942
393942
393942
393942
56983
56983
56983
56983
56983
144715
144715
144715
144715
144715
199257
199257
199257
199257
199257
517967
517967
517967
517967
517967
448786
448786
448786
448786
448786
506416
506416
506416
506416
506416
25747
25747
25747
25747
25747
224554
224554
224554
224554
224554
25550
25550
25550
25550
25550
128528
128528
128528
128528
128528
153966
153966
153966
153966
153966
480720
480720
480720
480720
480720
93803
93803
93803
93803
93803
310618
310618
310618
310618
310618
290839
290839
290839
290839
290839
476552
476552
476552
476552
476552
111109
111109
111109
111109
111109
542388
542388
542388
542388
542388
135281
135281
135281
135281
135281
152252
152252
152252
152252
152252
292685
292685
292685
292685
292685
1682
1682
1682
1682
1682
360960
360960
360960
360960
360960
456690
456690
456690
456690
456690
31390
31390
31390
31390
31390
303267
303267
303267
303267
303267
23034
23034
23034
23034
23034
359838
359838
359838
359838
359838
377984
377984
377984
377984
377984
546854
546854
546854
546854
546854
333156
333156
333156
333156
333156
78959
78959
78959
78959
78959
229274
229274
229274
229274
229274
66179
66179
66179
66179
66179
378098
378098
378098
378098
378098
377111
377111
377111
377111
377111
439092
439092
439092
439092
439092
60970
60970
60970
60970
60970
516813
516813
516813
516813
516813
292170
292170
292170
292170
292170
535306
535306
535306
535306
535306
368528
368528
368528
368528
368528
304834
304834
304834
304834
304834
536791
536791
536791
536791
536791
302599
302599
302599
302599
302599
160351
160351
160351
160351
160351
93353
93353
93353
93353
93353
532211
532211
532211
532211
532211
220187
220187
220187
220187
220187
391365
391365
391365
391365
391365
230884
230884
230884
230884
230884
412464
412464
412464
412464
412464
283113
283113
283113
283113
283113
138675
138675
138675
138675
138675
162902
162902
162902
162902
162902
571449
571449
571449
571449
571449
317725
317725
317725
317725
317725
205101
205101
205101
205101
205101
461378
461378
461378
461378
461378
45550
45550
45550
45550
45550
66685
66685
66685
66685
66685
173081
173081
173081
173081
173081
46433
46433
46433
46433
46433
4916
4916
4916
4916
4916
476939
476939
476939
476939
476939
31281
31281
31281
31281
31281
541965
541965
541965
541965
541965
345029
345029
345029
345029
345029
400317
400317
400317
400317
400317
39697
39697
39697
39697
39697
499755
499755
499755
499755
499755
233915
233915
233915
233915
233915
557130
557130
557130
557130
557130
121611
121611
121611
121611
121611
1655
1655
1655
1655
1655
339426
339426
339426
339426
339426
235836
235836
235836
235836
235836
322222
322222
322222
322222
322222
471015
471015
471015
471015
471015
515755
515755
515755
515755
515755
117089
117089
117089
117089
117089
290843
290843
290843
290843
290843
11156
11156
11156
11156
11156
545734
545734
545734
545734
545734
128812
128812
128812
128812
128812
433574
433574
433574
433574
433574
525297
525297
525297
525297
525297
160186
160186
160186
160186
160186
544883
544883
544883
544883
544883
136911
136911
136911
136911
136911
216710
216710
216710
216710
216710
478077
478077
478077
478077
478077
182279
182279
182279
182279
182279
28506
28506
28506
28506
28506
408449
408449
408449
408449
408449
208871
208871
208871
208871
208871
556205
556205
556205
556205
556205
49097
49097
49097
49097
49097
407915
407915
407915
407915
407915
32990
32990
32990
32990
32990
398606
398606
398606
398606
398606
50350
50350
50350
50350
50350
553558
553558
553558
553558
553558
124462
124462
124462
124462
124462
162677
162677
162677
162677
162677
295051
295051
295051
295051
295051
508302
508302
508302
508302
508302
175024
175024
175024
175024
175024
28675
28675
28675
28675
28675
245450
245450
245450
245450
245450
457054
457054
457054
457054
457054
418106
418106
418106
418106
418106
575904
575904
575904
575904
575904
393145
393145
393145
393145
393145
178761
178761
178761
178761
178761
556901
556901
556901
556901
556901
397045
397045
397045
397045
397045
115070
115070
115070
115070
115070
450728
450728
450728
450728
450728
158414
158414
158414
158414
158414
56248
56248
56248
56248
56248
96991
96991
96991
96991
96991
120767
120767
120767
120767
120767
145727
145727
145727
145727
145727
42070
42070
42070
42070
42070
85562
85562
85562
85562
85562
408950
408950
408950
408950
408950
19158
19158
19158
19158
19158
9041
9041
9041
9041
9041
29465
29465
29465
29465
29465
122606
122606
122606
122606
122606
15260
15260
15260
15260
15260
342394
342394
342394
342394
342394
472833
472833
472833
472833
472833
412676
412676
412676
412676
412676
571746
571746
571746
571746
571746
116722
116722
116722
116722
116722
553678
553678
553678
553678
553678
370678
370678
370678
370678
370678
476339
476339
476339
476339
476339
535183
535183
535183
535183
535183
359791
359791
359791
359791
359791
182334
182334
182334
182334
182334
546052
546052
546052
546052
546052
538451
538451
538451
538451
538451
449485
449485
449485
449485
449485
74181
74181
74181
74181
74181
56013
56013
56013
56013
56013
209544
209544
209544
209544
209544
379734
379734
379734
379734
379734
424422
424422
424422
424422
424422
225715
225715
225715
225715
225715
26665
26665
26665
26665
26665
60340
60340
60340
60340
60340
476215
476215
476215
476215
476215
74460
74460
74460
74460
74460
529981
529981
529981
529981
529981
552503
552503
552503
552503
552503
575915
575915
575915
575915
575915
483545
483545
483545
483545
483545
525118
525118
525118
525118
525118
86202
86202
86202
86202
86202
28582
28582
28582
28582
28582
110156
110156
110156
110156
110156
311690
311690
311690
311690
311690
316240
316240
316240
316240
316240
232432
232432
232432
232432
232432
439651
439651
439651
439651
439651
248051
248051
248051
248051
248051
431891
431891
431891
431891
431891
6415
6415
6415
6415
6415
420666
420666
420666
420666
420666
489739
489739
489739
489739
489739
571990
571990
571990
571990
571990
127842
127842
127842
127842
127842
98003
98003
98003
98003
98003
56651
56651
56651
56651
56651
286760
286760
286760
286760
286760
452724
452724
452724
452724
452724
330897
330897
330897
330897
330897
425620
425620
425620
425620
425620
565389
565389
565389
565389
565389
275657
275657
275657
275657
275657
451683
451683
451683
451683
451683
95062
95062
95062
95062
95062
371135
371135
371135
371135
371135
466052
466052
466052
466052
466052
554859
554859
554859
554859
554859
321866
321866
321866
321866
321866
526414
526414
526414
526414
526414
534121
534121
534121
534121
534121
325211
325211
325211
325211
325211
213008
213008
213008
213008
213008
7556
7556
7556
7556
7556
402248
402248
402248
402248
402248
122266
122266
122266
122266
122266
152004
152004
152004
152004
152004
447314
447314
447314
447314
447314
306940
306940
306940
306940
306940
47882
47882
47882
47882
47882
1573
1573
1573
1573
1573
385580
385580
385580
385580
385580
501652
501652
501652
501652
501652
209048
209048
209048
209048
209048
33845
33845
33845
33845
33845
159215
159215
159215
159215
159215
143167
143167
143167
143167
143167
517687
517687
517687
517687
517687
399205
399205
399205
399205
399205
36082
36082
36082
36082
36082
220224
220224
220224
220224
220224
265596
265596
265596
265596
265596
334399
334399
334399
334399
334399
487141
487141
487141
487141
487141
34080
34080
34080
34080
34080
433924
433924
433924
433924
433924
178795
178795
178795
178795
178795
67686
67686
67686
67686
67686
161222
161222
161222
161222
161222
92678
92678
92678
92678
92678
392892
392892
392892
392892
392892
321811
321811
321811
321811
321811
274494
274494
274494
274494
274494
296707
296707
296707
296707
296707
487525
487525
487525
487525
487525
401623
401623
401623
401623
401623
411968
411968
411968
411968
411968
430420
430420
430420
430420
430420
26730
26730
26730
26730
26730
504811
504811
504811
504811
504811
436467
436467
436467
436467
436467
571804
571804
571804
571804
571804
140658
140658
140658
140658
140658
230008
230008
230008
230008
230008
177938
177938
177938
177938
177938
359086
359086
359086
359086
359086
452122
452122
452122
452122
452122
413096
413096
413096
413096
413096
18975
18975
18975
18975
18975
396051
396051
396051
396051
396051
268944
268944
268944
268944
268944
58851
58851
58851
58851
58851
480605
480605
480605
480605
480605
34662
34662
34662
34662
34662
28157
28157
28157
28157
28157
79392
79392
79392
79392
79392
463211
463211
463211
463211
463211
463084
463084
463084
463084
463084
165572
165572
165572
165572
165572
173797
173797
173797
173797
173797
531163
531163
531163
531163
531163
393647
393647
393647
393647
393647
35195
35195
35195
35195
35195
219723
219723
219723
219723
219723
139660
139660
139660
139660
139660
167810
167810
167810
167810
167810
279621
279621
279621
279621
279621
578093
578093
578093
578093
578093
519555
519555
519555
519555
519555
236000
236000
236000
236000
236000
23731
23731
23731
23731
23731
38938
38938
38938
38938
38938
379108
379108
379108
379108
379108
298628
298628
298628
298628
298628
530706
530706
530706
530706
530706
466259
466259
466259
466259
466259
340332
340332
340332
340332
340332
74759
74759
74759
74759
74759
414934
414934
414934
414934
414934
215245
215245
215245
215245
215245
405249
405249
405249
405249
405249
512467
512467
512467
512467
512467
156772
156772
156772
156772
156772
575179
575179
575179
575179
575179
189566
189566
189566
189566
189566
192095
192095
192095
192095
192095
298691
298691
298691
298691
298691
122239
122239
122239
122239
122239
57843
57843
57843
57843
57843
358982
358982
358982
358982
358982
274455
274455
274455
274455
274455
519744
519744
519744
519744
519744
125971
125971
125971
125971
125971
490688
490688
490688
490688
490688
317028
317028
317028
317028
317028
581010
581010
581010
581010
581010
28998
28998
28998
28998
28998
439326
439326
439326
439326
439326
184384
184384
184384
184384
184384
424880
424880
424880
424880
424880
501122
501122
501122
501122
501122
234677
234677
234677
234677
234677
10837
10837
10837
10837
10837
205636
205636
205636
205636
205636
184386
184386
184386
184386
184386
231037
231037
231037
231037
231037
467437
467437
467437
467437
467437
258588
258588
258588
258588
258588
460251
460251
460251
460251
460251
357978
357978
357978
357978
357978
571641
571641
571641
571641
571641
163348
163348
163348
163348
163348
298978
298978
298978
298978
298978
258628
258628
258628
258628
258628
118432
118432
118432
118432
118432
205230
205230
205230
205230
205230
345136
345136
345136
345136
345136
404613
404613
404613
404613
404613
131089
131089
131089
131089
131089
432570
432570
432570
432570
432570
214224
214224
214224
214224
214224
199764
199764
199764
199764
199764
176312
176312
176312
176312
176312
453297
453297
453297
453297
453297
529668
529668
529668
529668
529668
551107
551107
551107
551107
551107
413120
413120
413120
413120
413120
369771
369771
369771
369771
369771
